./aligned/deemarc/1461607_10152021666156866_473333153_n.png
./aligned/kaewBNK48/20708234_467560573625330_6164464822189121019_n.png 242 166 386 367
./aligned/kaewBNK48/20840832_470449356669785_2799048114024247752_n.png 279 94 544 456
./aligned/kaewBNK48/21766599_485044068543647_3689821189352271348_n.png 575 88 782 338
./aligned/kaewBNK48/16602862_244154876029491_3000990800975034721_n.png 164 99 300 298
./aligned/kaewBNK48/21731289_480577038990350_88040630168298625_n.png 400 46 542 242
./aligned/kaewBNK48/21272118_477130039335050_6637074470604134454_n.png 223 168 367 368
./aligned/kaewBNK48/21231893_477179449330109_9115980610141626283_n.png 242 131 381 322
./aligned/kaewBNK48/22046633_486693128378741_5481104759182452406_n.png 225 117 348 296
./aligned/kaewBNK48/22050260_342113682900276_7461578044445562898_n.png 266 131 539 492
./aligned/kaewBNK48/21231157_476813219366732_3481913010380566984_n.png 228 179 333 334
./aligned/kaewBNK48/21463381_478785039169550_9194148851841497090_n.png 233 225 444 512
./aligned/kaewBNK48/22228485_488991461482241_6431743538718510240_n.png 466 104 585 272
./aligned/kaewBNK48/21432983_479259742455413_247998045194483257_n.png 277 145 454 375
./aligned/kaewBNK48/22789002_496294570751930_1203419480095869620_n.png 217 102 368 310
./aligned/kaewBNK48/22046392_487025138345540_6147888675438477859_n.png 240 193 409 393
./aligned/kaewBNK48/20597254_465626610485393_5360747028171150125_n.png 170 147 349 395
./aligned/kaewBNK48/20953334_472416309806423_4648262074976086298_n.png 225 99 415 362
./aligned/kaewBNK48/21751652_482290848818969_1124771208286496633_n.png 321 65 471 262
./aligned/kaewBNK48/20800170_469601273421260_4363910481532934243_n.png 182 92 395 391
./aligned/kaewBNK48/20800135_470530486661672_8613023880147131230_n.png 244 89 466 376
./aligned/mintIRoamAlone/21751483_715760091957157_3361828652614627583_n.png 413 265 515 397
./aligned/mintIRoamAlone/21078863_709465532586613_1017640691911372261_n.png 180 26 451 395
./aligned/mintIRoamAlone/20664925_700926756773824_2414703175556853903_n.png 305 264 360 337
./aligned/mintIRoamAlone/21317677_714102012122965_2033914239416759108_n.png 193 222 414 505
./aligned/mintIRoamAlone/21751816_716195721913594_1685543509744314167_n.png 562 308 693 468
./aligned/mintIRoamAlone/21231298_711538629045970_7930717818079031499_n.png 487 263 629 443
./aligned/mintIRoamAlone/20638851_701165540083279_6641969309312007191_n.png 615 225 725 375
./aligned/mintIRoamAlone/21369347_712320388967794_4195100861620038067_n.png 290 306 382 425
./aligned/mintIRoamAlone/21762010_718601145006385_6481015463958572626_n.png 491 196 708 525
./aligned/mintIRoamAlone/20842290_704845139715319_6714047973570602163_n.png 519 241 570 307
./aligned/mintIRoamAlone/20992900_708227459377087_2754296504752943105_n.png 386 129 453 221
./aligned/mintIRoamAlone/20664599_701965483336618_8574972946493738170_n.png 337 409 378 467
