./aligned/deemarc/IMG_20170924_173130.png 183 228 236 300
./aligned/deemarc/20525832_10155526688721866_8660986877284519117_n.png 333 179 599 512
./aligned/deemarc/IMG_20171008_144401.png 1038 651 1891 1808
./aligned/deemarc/IMG_25581030_113635.png 356 299 460 425
./aligned/deemarc/IMG_25581205_151505.png 196 164 360 416
./aligned/deemarc/IMG_25581031_143258.png 167 189 294 353
./aligned/deemarc/FB_IMG_1470380230324.png 155 85 260 220
./aligned/deemarc/YDXJ0690.png 335 281 433 406
./aligned/deemarc/IMG_20131018_060554.png 114 125 316 379
./aligned/deemarc/556790_10151270199921866_2019589702_n.png 65 53 153 167
./aligned/deemarc/21034246_10155593937796866_6656101724760505480_n.png 213 59 386 280
./aligned/deemarc/IMG_20171026_102430.png 1557 916 2235 1797
./aligned/deemarc/IMG_25581205_151434.png 214 129 404 391
./aligned/deemarc/429401_10150679861246866_648104187_n.png 62 50 143 157
./aligned/deemarc/IMG_20170822_192903.png 144 97 292 290
./aligned/deemarc/1461607_10152021666156866_473333153_n.png
./aligned/deemarc/YDXJ0020.png 251 153 369 289
./aligned/deemarc/10436270_10152522312861866_181852770144209728_n.png 206 41 276 139
./aligned/deemarc/FB_IMG_1497878578899.png 318 186 389 279
./aligned/deemarc/IMG_25590424_191902.png 147 66 272 225
./aligned/deemarc/IMG_25590522_195157.png 86 187 262 425
